25.099705
24.276890
24.192513
23.034876
25.326239
25.872955
24.493097
26.185123
25.351051
23.593323
24.639986
23.511213
25.768475
23.976664
26.239510
26.159321
29.800074
28.752520
25.590353
23.722607
25.576763
23.883089
25.569750
25.668102
25.880363
25.960943
26.427950
26.625669
25.998825
26.295183
26.507719
24.604967
25.615450
26.468086
26.672411
25.385620
24.458986
24.812746
24.408104
24.374275
26.651033
23.042948
23.845402
20.966999
23.415642
24.102310
24.333921
24.306599
24.317867
25.822809
25.803791
27.061123
26.078703
25.924459
26.479637
26.562862
25.356680
23.401138
25.275183
23.985023
26.227983
28.009548
29.360786
26.265303
26.680820
26.467667
23.535578
25.293524
24.664806
25.035995
25.935472
24.546862
25.547174
27.595514
23.896339
25.761024
25.245420
24.331242
23.558582
22.002100
24.282608
25.016960
23.723419
25.327833
23.429300
22.474241
21.147514
21.662148
25.396484
21.476231
24.071005
24.635004
26.163994
25.561457
26.566500
25.566803
24.327085
24.297035
25.804422
26.000668
26.353411
25.977377
22.485855
25.941879
26.669170
27.413551
27.001329
23.563713
24.823534
22.953171
25.748314
24.878307
26.600107
26.512747
25.584558
25.901928
23.599625
25.947309
25.674902
28.402958
28.569178
27.253389
26.705927
24.152401
22.987175
23.939577
25.700964
25.320465
24.564695
26.053682
26.291193
27.784563
28.143957
26.247637
25.361362
25.786415
22.954084
25.378284
26.017269
26.584982
25.505836
25.789282
25.402287
23.939888
22.745768
23.743296
22.298948
24.282377
22.590590
23.275112
23.774139
25.633957
24.899242
26.845329
24.314028
26.828852
24.219349
26.646711
20.820723
26.652218
25.655478
23.157404
26.110130
25.873802
25.076805
24.040827
25.874756
26.798670
24.350979
23.628317
22.366697
23.028410
22.960041
21.578447
21.986279
22.095060
24.250916
22.934097
24.595945
19.278149
25.133259
22.456776
24.431267
25.270889
26.128643
23.332314
24.414352
24.116821
26.665989
25.877790
23.348995
24.863913
24.892399
24.199162
21.623783
22.751925
20.725494
17.402388
19.936804
22.478661
22.206703
23.867792
23.606697
23.608448
24.007772
24.105928
20.419626
21.858515
22.295408
22.654034
23.194412
23.675129
22.702682
24.569546
24.169388
23.462341
24.595064
24.000233
24.291538
22.899128
22.901627
23.380722
22.595953
25.180422
24.757765
23.248861
23.272038
23.674984
25.105867
25.784552
25.441191
24.242584
24.575634
26.485580
25.505653
23.990734
26.154179
25.640411
23.027546
23.485434
24.407204
23.473923
21.715197
24.386848
26.711067
23.600483
21.624895
22.064249
20.565014
22.876141
20.704514
22.393450
20.373487
22.285812
22.403627
20.890169
23.074800
24.746159
22.920101
21.709364
21.129372
22.993608
21.267563
20.573576
23.055588
23.441076
23.178469
22.734016
25.111744
25.576693
26.342840
26.062721
23.848814
23.183067
22.020929
19.923588
23.706377
20.010635
21.694130
21.518917
21.213301
23.191446
23.373268
24.220079
22.420179
20.697294
19.147106
19.893026
22.636545
22.069912
23.548553
21.466646
22.248142
21.301750
21.723976
21.661407
20.577871
21.932688
22.258322
21.378254
21.955902
20.553396
22.611530
20.057066
21.802038
21.576708
24.771425
22.303162
23.590132
21.625366
20.330885
22.785526
21.361807
21.237463
22.223728
22.844406
23.899475
21.939335
19.796238
24.119457
22.199266
21.586391
20.301867
22.074013
23.191196
23.308989
20.981647
24.535442
25.399960
23.630039
24.455717
21.793320
21.569916
22.386562
22.373861
21.733013
21.712643
19.118813
22.656958
23.326702
22.947466
21.886795
24.280201
21.736523
18.730059
21.854229
21.127924
22.270784
20.711834
18.791180
21.172567
20.990957
20.040150
19.679550
20.705780
19.598923
22.027735
22.738493
22.245937
23.265663
21.443747
18.452507
18.338942
18.380648
18.208437
19.256744
20.424583
21.857546
23.665327
23.855570
23.953636
26.999495
26.876677
25.876122
26.324165
26.238283
24.589638
25.403790
25.736107
26.698713
25.310240
24.815887
26.958187
23.033747
18.919458
24.127235
25.910397
26.017754
27.506954
27.704266
27.138800
25.739656
26.312525
24.151688
23.777256
23.440907
22.371210
23.389284
24.976904
26.052004
25.539515
27.545944
26.416258
27.466080
27.449308
26.254984
26.699047
27.960655
24.116219
25.329433
23.631086
26.207474
25.364065
23.585659
24.545626
23.944359
27.708849
25.794111
22.940422
23.477964
23.850487
23.145254
26.416288
26.238312
27.364189
27.105768
25.908426
27.583223
25.186295
23.916855
21.978443
25.051903
25.593903
24.347729
23.825102
22.930634
23.620047
25.494888
27.180511
26.490883
25.707172
26.167175
26.650480
25.889431
24.657787
25.546537
25.778214
25.762266
26.276064
25.950232
27.353134
24.650858
25.651434
24.669374
25.032789
24.761497
24.374201
24.045038
25.226002
25.059584
24.064116
22.520523
24.458353
23.023987
22.130907
21.354065
22.114733
21.503458
20.454199
21.827154
22.686974
23.702080
23.519917
24.478920
24.087418
25.420853
24.139936
25.425203
25.974495
26.436291
25.958544
25.242966
27.561619
28.799646
27.476566
27.085964
26.855234
25.290670
26.244307
25.184422
26.676937
25.964085
25.584585
24.779444
24.260273
27.331448
27.629736
28.330029
25.689741
23.070343
25.783447
26.596596
26.917725
21.673983
26.659203
26.858177
26.927481
26.003002
27.248859
26.523075
26.365433
24.136578
25.363400
25.404135
24.462059
25.111967
24.331444
23.173613
24.844059
24.861849
25.334126
24.458387
26.097990
26.065365
25.590069
26.451799
25.916002
26.521936
27.184566
27.179394
27.048218
27.581804
27.212940
26.487032
24.490618
27.401575
25.968613
23.210173
25.315226
25.409922
26.620960
25.939508
24.200891
18.167774
25.778524
26.698801
26.936983
25.580656
26.080238
25.425211
25.472338
26.503057
25.822432
23.729042
26.065504
25.570908
24.424059
24.529341
23.453835
23.713884
23.752522
24.936531
25.623936
24.216505
23.316849
24.873638
25.296844
24.962074
24.562845
24.003035
24.016895
25.329988
24.381481
23.690672
22.227518
21.202194
22.115788
22.251709
21.488604
21.780680
23.159365
26.162066
21.457718
23.871140
24.253197
22.950394
25.084898
24.388029
22.393679
26.517929
22.421906
22.906351
22.245951
22.367907
19.864040
21.376669
21.436687
22.790264
23.052137
22.808619
24.247948
25.413233
23.594145
22.324205
23.769590
23.482229
23.909431
22.918247
21.959841
23.160547
22.561157
23.568382
23.502337
21.513384
20.642179
22.968874
21.826349
20.888277
23.005371
21.207560
19.784796
23.206474
20.653364
22.171515
22.236834
20.560118
24.195297
22.748447
22.209793
24.015423
22.096985
23.102819
19.247585
18.664534
21.740059
20.216484
21.007484
20.721937
21.015738
20.448715
18.515697
18.014145
23.423706
22.181555
20.988737
21.443432
21.308125
19.631123
21.194088
19.407679
18.638548
19.399563
20.768456
22.994118
23.135101
19.703892
22.224041
20.684965
23.337082
22.498842
21.181318
23.551540
21.996153
23.677679
21.171104
25.192581
21.152985
23.682362
22.355583
22.759428
22.358395
22.406103
21.254456
20.915777
20.296001
18.985956
20.921083
20.599123
15.551558
22.554256
19.718073
19.292715
19.527470
19.891319
16.646986
19.182117
16.331942
15.423822
17.219002
16.684858
17.793310
20.180851
17.722609
18.148571
15.697369
16.086931
18.436117
15.202684
16.481867
17.310877
17.016367
15.845310
17.407568
16.337339
14.118480
15.226597
17.585907
15.660114
15.617761
14.495341
14.031026
15.253980
18.578787
19.203663
20.049246
20.361303
15.289214
14.429543
17.391676
17.075022
14.658589
16.223873
16.183580
16.146782
14.448912
14.894235
14.314155
17.116154
14.833882
14.468544
16.091898
14.649824
15.618154
16.007542
18.488836
16.171152
15.445222
16.086262
15.674728
16.122332
16.914572
15.766039
13.385493
15.738172
12.056431
11.874393
14.250053
15.282938
15.810475
14.064501
14.994412
17.379513
16.168127
14.787954
15.172564
18.171152
15.911798
18.294598
18.409758
15.585866
17.329010
16.035587
16.442316
14.837952
17.518723
14.091083
16.719217
16.938599
15.188677
14.278008
14.180676
15.180825
13.783732
13.890054
14.927572
13.101921
14.308745
14.900899
14.451138
12.475588
12.441456
12.544293
16.971941
12.769355
13.970990
14.278050
13.521893
13.365262
13.876893
13.366507
13.225731
13.820740
12.097621
15.190782
15.705428
13.831518
11.987380
12.882822
12.562225
14.811225
14.145177
13.154168
13.174892
14.097443
12.724570
14.112957
13.785521
14.029505
13.987459
14.328571
13.336639
12.279638
13.146121
12.892902
13.667657
14.105443
13.171344
13.462035
12.590743
12.398295
12.847810
12.163971
12.225204
11.689647
12.123291
11.833020
12.906372
12.655981
11.648860
13.111979
13.495991
13.729379
12.902131
12.723156
13.326716
12.487404
12.448464
11.680572
13.591050
13.611437
11.291501
10.328673
11.231818
10.920053
12.422625
11.238833
10.565179
10.214136
10.892708
10.809702
10.847801
11.417963
10.622938
10.570666
10.050629
10.901382
10.009410
10.580563
9.554871
9.819216
10.716305
11.402750
11.615804
11.886210
14.348771
10.545689
10.917487
10.688465
11.654731
11.424809
11.363284
10.433413
11.481700
10.753192
10.325701
11.724229
12.301999
11.918267
10.620971
13.238561
10.275900
12.043401
11.322647
12.761475
18.207603
13.355493
11.695445
12.257392
11.605713
9.562389
11.346166
11.269303
11.900155
9.994292
9.390672
9.717494
10.909981
9.023358
9.766948
10.386523
9.786612
9.306271
9.930836
9.381729
9.818481
9.186991
10.162442
11.189020
10.729211
10.163550
10.433235
10.875957
10.577011
10.363481
10.680706
8.952145
9.056619
8.500078
9.498550
8.864127
9.571486
8.613878
9.340117
9.294795
10.129307
10.185321
9.939337
9.616983
9.441871
9.362523
8.908242
9.639203
8.787909
9.423111
9.172706
8.925927
9.859558
11.186256
10.028673
9.820181
10.948509
9.585732
8.782658
8.707969
10.423571
9.751092
9.368484
10.182229
9.417135
9.840985
9.449577
9.980845
9.404366
9.583852
9.127478
9.092878
9.162135
8.795800
8.987973
9.454080
9.734869
9.280809
9.118720
9.276237
9.749434
9.152210
9.290344
9.400042
9.546426
8.660945
8.879899
9.346332
9.695484
9.329401
9.812182
9.344609
9.361676
9.758999
10.912827
11.113391
10.587922
10.481236
9.392006
9.481811
10.036384
9.690895
8.746364
10.610029
9.158070
10.409101
8.920308
8.951129
8.667068
9.434089
8.957813
9.705668
9.264905
10.210089
9.633013
9.320913
9.856831
9.805048
9.726696
9.953657
9.889613
9.701740
10.105679
9.494184
9.102654
8.884300
9.938555
9.173601
9.164522
9.050545
9.399220
9.751013
11.344677
9.917230
11.833851
11.151056
11.638841
9.535215
10.313291
10.103371
11.114387
10.311648
8.777063
10.562279
9.164556
10.230511
14.422897
11.040006
9.385416
10.940338
16.773186
13.668897
9.869112
9.678833
11.864864
11.333894
10.365438
10.096220
10.808020
10.853094
13.229673
11.064652
12.260729
12.605112
11.867026
10.373621
9.829348
12.382026
10.571796
13.205165
18.617273
16.354095
13.883970
16.287569
12.233031
12.066459
12.167956
9.839168
8.184392
9.430329
10.378582
10.724306
13.417602
9.452507
7.883896
8.776835
8.019686
8.005244
9.672091
10.373120
12.246845
11.744720
13.700156
8.230039
9.730614
9.842215
9.496054
9.165109
7.723737
9.078961
9.762847
8.854637
8.454642
8.656976
8.270010
8.245057
7.834582
8.107187
8.987250
9.213985
9.815471
10.107285
9.061386
8.844110
8.629599
9.683019
8.587498
9.060038
9.107313
9.301364
9.396947
10.768322
8.796633
9.785675
8.577546
9.670815
9.405045
10.167346
9.262828
8.577842
10.512759
9.025318
8.572775
9.673271
7.829304
8.157598
10.166965
8.449529
8.780704
9.406785
8.541229
9.012537
10.060227
8.623620
9.729291
8.276217
9.668260
8.032605
8.437054
8.812023
8.218012
8.981975
9.070229
8.139155
8.592122
10.367018
9.137889
9.966106
9.598418
9.453287
8.815565
9.515063
10.507003
9.567009
10.690410
10.336823
10.875189
9.456837
9.468678
10.027350
9.440860
11.079718
10.090752
9.177780
10.522144
9.622283
8.633177
11.924254
10.188205
9.587947
10.269908
7.020850
7.007644
7.030418
8.635727
11.328073
10.603672
10.734747
9.052432
10.994247
10.307180
8.369844
8.292292
8.981891
6.485254
9.397294
9.852029
11.371272
9.185940
10.037538
8.847308
7.973306
10.189248
10.464010
9.235189
9.230548
7.246659
10.847868
7.518038
6.500669
9.589024
8.288109
8.200837
11.061665
11.472720
10.069407
8.919516
9.624849
10.011016
9.674334
9.664851
11.050333
8.084649
8.329475
9.724229
8.597269
9.698930
8.383789
10.852465
8.632393
8.938472
9.398682
8.830364
9.478848
11.265386
9.479958
9.102065
9.859276
8.501661
9.054230
9.467981
8.462755
9.614611
8.268759
8.818568
7.813378
8.338382
9.278110
8.778880
8.607980
8.527676
8.904465
9.492265
8.728106
8.845626
7.842212
8.280782
9.129003
8.857560
8.978106
8.845212
8.956140
9.156058
8.232082
9.006139
9.199157
7.368697
9.552607
9.181282
9.118490
7.725214
8.783487
8.753359
8.601368
8.145327
8.027359
7.813916
8.553606
8.071555
8.142273
7.750874
9.754947
9.239382
7.911808
7.029202
7.219953
8.105857
7.837008
7.537832
8.325920
7.750093
8.351760
7.833660
7.292108
7.565310
7.178711
7.206958
9.568254
7.367508
7.086488
6.814779
7.188750
6.787966
7.346628
8.150570
8.172722
8.189624
7.845399
8.306389
8.087999
8.512179
7.917237
7.566829
7.421500
7.485673
7.768340
7.623433
8.530760
8.672665
8.999832
9.377322
8.581418
8.279187
8.388546
9.233575
8.598107
8.631982
8.474697
8.564296
8.659426
8.346902
8.017491
8.254976
8.220345
8.391505
7.989761
8.503348
7.973700
8.775912
8.286008
8.429152
8.485571
9.520390
9.144816
8.256483
7.943922
8.298019
7.589364
7.645982
7.975510
8.230537
7.721475
8.365760
8.212183
8.524776
8.341482
9.068568
8.376994
8.700150
8.915837
8.834884
8.300440
7.928925
7.611664
8.852534
7.975312
7.733467
7.915658
7.876420
7.352085
7.857294
7.959146
8.353720
7.898178
7.977239
8.189279
7.482798
7.268169
7.371163
7.285341
7.806743
7.765532
7.296704
7.534760
7.383240
8.167879
8.037264
8.102444
8.066953
7.560108
6.835455
7.674272
7.573764
7.418070
7.445368
7.897882
7.241051
7.067668
7.691047
6.799517
7.339532
7.203318
6.580017
6.708272
5.538062
6.682097
6.488807
6.746516
7.817668
7.537868
7.178459
10.457453
7.790082
8.024998
8.746634
7.625973
8.733518
7.661365
8.395848
7.262708
9.174993
9.209013
10.249097
9.179436
10.306468
10.840672
9.882364
8.208915
8.760565
8.341756
9.765265
10.319880
8.095751
8.682646
9.065002
8.820336
10.329916
11.018348
10.557365
9.393147
8.769099
8.694232
9.232147
10.453108
10.009315
9.375036
11.139177
11.035331
9.085520
10.940897
9.850429
9.287423
9.479253
8.845695
9.541874
8.722684
8.618073
9.693400
11.080973
11.753798
11.734037
12.084908
10.039731
9.737697
9.271234
9.497593
8.544010
8.701298
8.881156
10.422836
9.179118
9.396070
9.800664
10.581292
10.225256
10.138029
8.798939
8.450490
9.827164
8.700749
8.989564
9.336527
10.966195
10.636435
10.479107
10.824377
12.403046
10.774005
10.944608
10.337729
8.954526
9.947826
11.304850
9.886969
10.110855
9.514530
10.841304
9.464902
9.972318
10.121297
9.435291
9.425198
7.996167
10.024831
10.726001
10.185351
10.134356
9.002245
9.650077
9.619830
9.358068
9.013527
9.343818
8.731077
9.399755
8.209983
7.740260
7.501334
8.235823
8.324927
8.722720
8.896528
7.448115
8.028701
8.787072
8.051627
9.007369
8.569437
9.378390
9.055644
8.459220
8.001847
7.925888
9.034970
9.077190
7.945899
7.931822
9.568118
8.735514
8.139864
9.166450
9.755248
7.790483
7.709088
7.241611
6.797567
7.300109
7.739566
7.963438
7.387214
7.872528
8.464872
8.651003
7.718449
8.421408
8.667641
7.894992
8.280308
7.988060
8.021486
7.711347
7.873528
8.532278
8.698254
7.690279
9.644437
7.871362
8.203250
7.475636
6.921535
7.812080
7.709819
8.232181
8.926374
7.641536
7.687592
7.436075
7.420557
7.077176
7.196415
7.135026
7.313466
7.420300
6.926387
6.358051
6.801343
6.531812
8.150299
7.086416
4.866370
7.178782
7.511043
6.771917
8.337182
5.985858
6.133142
6.891623
7.852561
7.984903
7.861354
6.989676
6.855793
6.194611
7.299464
7.748426
6.886507
6.980075
6.706450
6.572209
5.985437
7.395616
6.659221
6.791051
7.421865
7.730105
6.659158
6.943341
7.144399
7.074239
6.894066
3.272543
4.735833
6.393898
4.196731
3.598880
6.064531
4.114733
2.626232
4.181922
6.112819
3.498444
3.413293
1.554078
2.846995
3.348045
5.008525
4.223185
4.020715
2.959103
2.131790
2.740810
1.021529
2.587053
1.307134
1.823937
0.494954
2.143862
1.646168
0.808384
3.021360
2.248238
1.823170
2.006473
1.748610
1.540187
1.724131
2.893890
3.641113
1.847409
0.866554
1.704521
2.970547
2.378032
3.120086
2.105015
2.344231
1.173051
1.948141
2.623906
2.130630
3.038393
1.588209
2.725646
2.944362
1.250467
0.966200
1.810133
2.436565
1.322260
1.607514
2.119269
2.607194
3.535946
2.370025
2.584739
3.328032
3.128534
3.914402
4.486515
2.935738
3.222547
3.700177
1.677808
2.130781
3.752024
2.992270
3.849243
2.306339
3.009599
3.018814
2.081525
1.736846
2.246079
2.389982
2.384301
2.726707
3.105688
1.576633
3.880589
3.378489
2.724780
3.687670
2.362806
2.913559
1.838825
2.464892
1.602816
2.221123
2.705701
2.414391
3.723180
2.604933
3.362401
3.428939
5.526991
2.269890
3.668075
5.628839
3.647979
7.073042
5.354833
4.524848
4.203356
5.084151
6.362438
5.049965
5.411877
5.599899
5.811263
5.463484
5.733268
5.883463
5.797908
6.363813
5.878101
6.057675
5.934947
5.746749
5.348452
4.709998
6.037041
6.272293
6.595358
6.669237
5.984618
5.531730
6.344003
5.933990
5.925844
6.996099
6.307396
6.816288
7.523011
7.803721
6.783355
6.591917
6.383662
7.231883
7.634710
6.099104
7.442220
5.783898
6.563727
6.815992
7.651816
6.480947
7.595533
6.153716
7.199875
8.097154
7.996510
6.804939
7.619442
6.461449
5.597993
5.837137
7.737494
6.281051
7.974811
7.045994
7.650342
7.724845
7.343238
7.366603
6.003204
7.408823
7.602702
7.499511
6.009080
6.612096
6.723521
6.978760
6.812429
7.605391
5.790592
7.729374
7.433702
7.529559
7.492321
8.223309
6.421246
6.430755
6.107968
6.947005
5.925086
6.161608
7.787203
6.755708
6.639000
7.105436
7.510655
7.157586
7.403121
5.608305
6.934534
7.118589
6.762596
6.933389
7.142755
6.409731
5.305382
6.374871
6.904718
7.262088
6.974429
7.598296
7.174735
7.291605
7.079767
6.904592
7.799846
6.481414
7.838792
6.932630
7.927592
8.010654
8.359609
7.722754
7.045874
7.218193
7.505227
7.445275
7.248585
7.367582
8.752279
8.207805
7.545683
7.012556
7.362662
7.509775
7.690019
8.085266
7.391037
7.890787
7.797198
7.792748
7.618437
7.899365
7.911624
8.026554
7.524330
7.722626
8.084569
8.052525
7.581324
7.320651
7.838305
7.469761
7.666268
7.501477
8.481109
7.685156
8.087413
6.928252
7.728021
7.633235
7.933878
7.630216
8.009445
7.658558
7.796371
7.784085
7.987367
7.583084
7.686541
7.526935
7.589302
7.609098
7.984597
8.301292
7.931592
7.434454
7.681317
8.168531
7.668733
7.916551
8.181244
7.648040
7.902887
7.938179
7.420138
7.623612
8.201437
7.703931
7.628407
7.904316
7.215831
7.695115
7.621922
7.124833
7.591412
7.690613
6.778625
7.264328
7.367867
7.149973
7.237067
7.285130
6.273040
7.204152
7.857956
6.134761
6.495662
7.074196
7.262350
7.044545
6.154987
6.528786
7.813925
7.055791
6.648603
7.414887
6.390056
7.661414
7.111996
6.532670
7.116050
6.777755
7.225883
7.858825
7.510657
7.398498
7.833952
7.999527
7.086920
7.556521
7.331610
7.497500
7.480080
7.955828
7.217801
7.694072
8.026656
7.722235
7.947768
8.378714
8.102932
8.323067
7.805653
8.170625
8.192698
7.936048
7.497039
7.783338
8.078842
7.905032
6.192875
6.658961
6.827764
7.368544
7.531592
7.434072
7.422158
6.943822
7.445143
6.364317
7.115684
7.025866
7.602501
6.942938
5.932261
7.741736
7.290587
7.412956
7.374606
7.350845
7.770983
8.008248
7.498272
6.969917
7.239866
7.343969
6.889416
6.994308
7.174565
7.270301
6.142637
6.699790
4.822696
5.426268
6.845782
6.839013
6.666479
6.538657
6.840830
7.214373
6.740954
5.062364
7.207562
5.890635
6.967816
7.385613
7.078743
7.144579
7.498018
6.966706
7.391283
6.324542
7.428566
7.276193
7.570414
6.915257
6.886042
6.705354
7.179828
6.786223
7.108661
7.288337
7.613047
7.063464
7.139199
7.371540
6.529724
7.013570
7.355937
7.501664
7.067668
6.890898
7.100586
6.961596
7.364909
7.576986
6.616952
7.431118
7.423058
6.918175
6.425349
7.374913
7.191290
7.539507
6.982358
7.387200
6.737369
7.015724
7.109544
6.577573
5.767882
6.508370
7.415974
8.086789
6.736726
7.709933
7.673683
7.131162
6.957015
7.326671
7.557827
7.772578
7.072804
7.295658
8.002143
7.477016
7.478122
7.644567
7.350827
7.455538
7.747191
8.043241
7.957226
7.601779
7.986234
8.075929
7.420867
6.825365
7.538270
7.441182
7.022222
7.590817
7.592671
7.522027
7.922107
7.506764
7.112082
7.285284
7.281647
7.591719
7.530361
7.804377
7.657187
7.725812
7.731969
7.920518
7.933196
8.091888
7.918255
8.371969
7.541860
7.958074
7.838712
7.344427
6.982032
7.218598
8.052798
7.265238
7.711977
7.195072
7.414441
7.123343
6.966679
7.359792
7.602443
7.595912
7.295321
7.219075
7.482965
7.235955
6.985969
7.679543
7.370032
7.483993
7.296971
7.365788
7.323445
7.202361
6.954136
7.574853
7.874603
7.233923
7.544847
7.608729
7.917131
6.517550
6.209709
7.413987
6.884138
7.066233
6.636146
7.209486
6.984706
6.861962
6.524418
7.325258
7.441525
7.381913
7.110002
7.300042
7.311608
7.186700
6.908810
7.024061
7.068955
7.098334
6.926111
7.899333
7.533139
7.074523
7.169886
7.391002
7.760745
7.613559
7.559760
7.684255
7.698812
7.724656
7.462056
6.946666
7.416487
7.557001
7.914666
7.860366
8.238503
7.778999
7.835296
7.851452
8.279158
7.673764
8.032097
7.823417
7.667632
7.880686
7.653548
7.835264
7.862438
7.644420
7.858492
7.981145
7.670557
7.470071
7.608897
7.797726
7.545959
7.548038
7.764513
7.438011
7.502716
7.499657
7.564827
7.800639
7.931737
7.927841
7.849292
7.987354
8.463552
7.419901
7.658710
8.359253
8.467340
7.973768
8.615498
8.384962
8.122639
7.919343
7.797024
8.128149
9.420946
9.692016
11.585410
11.733030
10.599113
9.563857
9.471203
8.104372
7.464238
7.896062
7.863076
8.091110
7.394578
8.140300
8.362099
7.549714
7.615536
7.722125
7.853112
6.749315
7.576381
7.271182
7.251112
7.621856
7.356714
7.912429
7.461936
7.787175
7.771123
7.576613
7.555910
8.150929
7.824398
7.297778
7.907376
7.985183
7.615413
7.494513
7.593864
8.290721
7.548854
7.577395
8.052373
7.625505
8.420524
7.783425
8.094216
7.518332
6.319851
6.923661
7.336012
7.770571
8.112396
8.196492
8.610915
8.032220
8.091752
7.207693
8.383701
8.351220
6.960134
8.199832
6.695104
8.236300
7.740043
7.976016
7.508290
6.878749
7.139988
7.001550
7.202871
7.073251
7.953658
6.642617
6.989083
7.750518
6.801071
7.005616
5.692622
7.826900
6.784969
7.505651
7.236239
7.182782
6.702994
7.307006
7.064494
7.620395
7.089752
7.178348
7.362085
7.611094
6.471666
7.990018
7.242078
7.311008
7.801012
7.195927
7.599167
7.660751
6.196548
7.481726
8.007182
7.706929
7.653589
7.496371
7.233586
7.597918
7.346962
7.491636
8.076854
6.823444
6.321429
6.873824
7.239706
7.203924
6.716061
7.106685
7.640798
7.480924
7.460315
6.902877
7.146086
7.302498
6.901418
7.362132
8.102707
7.392381
6.054807
5.941812
6.696811
7.697673
7.144069
7.076658
5.031070
5.511629
6.340812
6.961864
7.443783
6.872440
6.543533
6.375829
5.667546
6.361178
7.111462
6.105404
6.861182
7.186218
7.234162
5.567180
6.635226
6.469092
7.406075
5.910312
6.644253
7.054415
6.037899
6.657253
5.116334
6.867270
5.995901
7.402289
7.199409
5.275496
6.577731
5.947693
5.094549
4.916186
5.708387
6.540816
6.238758
5.014967
6.014722
3.857372
6.285947
6.181582
5.098456
5.760010
4.540801
5.996467
5.747692
6.699852
5.497945
5.709287
4.551998
6.163120
3.782184
4.815715
4.519216
5.446711
5.647033
5.690578
4.068353
5.678734
4.641190
5.058043
3.990039
3.849689
3.457453
6.610984
5.403458
5.492200
3.568161
4.183398
3.271037
4.529673
5.900433
4.953159
5.241682
6.728647
7.116479
6.827302
6.369973
7.943646
5.469789
5.347092
5.416590
6.798983
5.870175
5.322644
6.150268
5.136528
5.789662
4.524992
3.967196
4.438676
4.758708
4.989064
5.366430
5.395663
6.141796
5.094419
4.471051
4.647860
4.300534
4.486841
4.559540
5.712374
5.214931
4.954746
5.097546
5.157340
5.370136
5.948400
4.382642
5.791930
6.378547
5.796947
6.137855
6.470915
6.863879
6.707187
6.446496
5.420446
5.737667
5.660139
5.223514
5.875118
5.053881
5.274446
5.531900
5.407137
5.141047
5.330305
5.619861
6.206909
4.471392
6.192181
6.101303
5.329814
4.917147
5.328652
5.469825
6.214262
5.746888
5.399496
5.997252
5.522431
5.589489
6.239913
5.684893
5.632436
5.648637
6.120934
5.721963
6.565579
6.485324
5.823112
6.607892
6.722503
6.721516
6.466105
6.401067
6.653028
7.331183
6.530045
6.978832
6.968418
7.806403
6.840929
6.771973
7.311280
6.851291
7.240643
7.009935
7.017752
6.432404
7.175396
7.079768
6.867468
7.085021
6.774993
6.973988
7.069707
7.238433
7.095443
6.757763
6.852453
7.138534
7.160943
7.327051
7.651649
6.826041
7.704190
7.447463
6.965096
7.291542
6.944306
7.606839
7.595201
6.682978
7.399924
7.032470
7.057199
7.326803
7.568766
7.874181
7.534010
7.622911
6.623103
6.909406
8.138321
7.414018
7.290222
7.700613
7.679107
7.177583
7.311551
7.430835
7.326842
7.344670
7.605361
7.297841
6.866647
7.560194
8.210787
7.995627
7.658891
6.547959
7.406240
7.282628
6.756597
7.344936
7.649885
7.238620
7.410773
7.341640
5.644906
7.072157
7.521603
7.326781
6.901451
6.931515
7.116285
7.411328
7.430434
7.346826
8.140007
8.020540
8.010846
8.438460
8.862381
7.842731
8.403138
7.423213
7.923284
7.373775
7.764620
7.609625
7.870532
7.266769
5.935978
7.283964
7.164159
7.511821
7.123642
7.334781
6.556773
7.167010
7.501264
7.153271
7.058414
6.311709
7.860352
8.530261
5.581295
6.099877
5.293754
6.266021
5.273061
8.457891
4.967811
7.427825
6.390102
7.109073
7.244934
6.217063
6.086990
7.090629
7.227153
7.191259
6.728307
6.977647
6.849909
6.036535
5.830875
6.492521
6.895360
6.265247
5.267084
7.311507
6.830194
6.403913
6.389622
6.953987
6.454145
6.550231
7.177936
6.941168
5.286119
5.393567
6.439248
6.682706
6.101198
6.300683
5.921954
6.847312
6.514218
6.926529
6.487874
7.298665
6.761132
6.191561
5.239222
7.270899
6.206023
6.472724
6.469208
6.175978
5.829474
6.577362
6.201999
6.316194
6.320010
6.356436
5.931430
5.574212
5.986726
7.416706
6.821470
7.541261
6.300044
6.988060
6.655715
6.687536
6.572022
7.151010
7.009861
6.543677
6.732104
6.679904
7.997342
7.399126
6.854763
7.516733
7.448264
7.779398
7.888651
7.928514
7.680224
8.293455
7.882258
8.058973
7.680619
7.343338
6.989748
6.423455
6.811746
6.885350
7.516054
7.366960
7.326058
7.593575
7.722004
7.679277
7.496613
7.655240
7.518229
7.840010
7.455200
7.715768
7.083001
6.859480
6.730267
7.557280
7.482807
7.664821
7.120835
5.862101
6.865070
7.701804
6.582580
7.806985
7.370259
7.436460
8.101797
7.823643
7.252855
8.019357
6.964874
7.534017
6.287681
7.456281
7.397905
7.610486
8.008607
8.501464
8.090548
7.888762
7.431319
7.863907
8.494779
8.430651
8.568706
6.638336
8.054263
7.450775
8.641972
8.072459
7.966888
8.368003
7.992679
7.501592
7.859022
8.091866
7.684955
7.071245
6.884523
7.448180
7.748857
7.463323
7.341824
6.795283
7.290740
6.693053
6.682705
6.502441
7.558681
6.915654
8.213802
7.965562
7.952417
7.715306
6.988548
7.415244
6.963837
7.307758
6.518058
6.742011
6.980878
6.010794
6.539048
6.251483
6.077635
7.028382
7.396791
7.475140
8.835001
7.898639
7.586124
8.002565
8.505420
8.392192
10.072593
7.171220
7.719775
7.202611
7.002837
7.157241
6.969687
7.562167
6.882231
6.416558
6.503072
7.303059
6.799779
7.123635
7.160690
7.143975
7.351143
5.695982
6.359281
6.834401
6.827842
6.946617
6.595754
5.864540
7.380742
6.547812
6.446589
6.611485
6.762915
5.301621
6.545482
5.635079
6.218038
6.558123
6.738633
6.570425
6.902240
5.569539
6.308264
6.389978
5.479187
5.291436
5.617194
6.624188
5.432877
5.290469
5.971593
5.005131
5.539749
5.371925
5.697231
4.196032
5.047309
5.800974
5.615558
5.895095
5.264097
5.701624
5.007099
5.130216
5.020936
5.545588
4.982614
4.517308
5.339698
5.318985
5.018040
4.297195
4.547216
4.657283
3.618098
3.630785
5.669324
4.306818
4.495725
4.521178
5.493852
3.252683
3.901376
3.939657
3.203085
4.130643
4.089131
2.885091
2.957886
3.210007
2.581509
3.486552
3.384151
3.462265
3.128620
2.909217
2.318135
2.746686
2.328077
3.532430
3.236336
5.008256
2.716443
3.101908
2.253695
2.403049
3.902817
3.720606
2.203855
2.784784
3.909163
2.624968
2.450741
4.319861
2.331435
2.038022
2.777384
3.935957
2.403281
2.816720
2.737505
3.274525
3.661646
3.724464
3.385021
2.412676
3.030499
3.034409
4.266604
2.917759
2.938402
3.597801
2.687699
3.027255
3.335756
3.140561
2.985368
1.717931
3.319010
2.338362
3.793584
3.771274
1.977629
5.239730
3.175900
4.206609
2.475465
2.981583
3.930242
3.940050
2.787822
2.767476
4.542921
3.385629
3.075538
2.634508
4.691273
4.641380
3.400821
5.214363
3.468062
3.698917
6.766027
3.338786
5.994748
3.888089
3.045909
5.143981
5.235613
5.025053
5.452902
5.651296
3.860897
3.371773
4.051388
3.761871
4.086019
4.981315
4.762535
5.884912
4.663413
5.451488
6.118773
5.838629
4.682447
6.837653
4.878045
4.651701
5.591716
5.916291
6.689907
5.920125
5.034580
4.631991
6.275059
6.547875
5.951290
5.512766
4.933337
5.534792
6.354820
6.025348
4.698578
5.904836
6.178809
4.781629
5.204246
5.846961
5.230871
7.114977
5.359218
4.958519
5.363080
5.713101
4.278904
5.094322
5.558956
5.654881
5.385910
5.116052
4.592949
5.976524
5.834167
6.258532
5.228940
5.905729
6.115604
6.177941
6.134524
5.114205
6.904990
6.050474
6.356950
5.897715
7.033610
6.742602
6.010869
5.991464
6.108837
5.810840
7.335655
6.514079
6.198475
5.559136
5.937067
6.445328
5.077143
5.853520
6.221082
6.632941
6.961856
5.512842
6.969212
4.964540
5.745216
4.913991
6.831261
5.639516
7.441733
6.921876
7.723174
8.555750
6.594330
7.337529
3.097726
5.499502
7.995170
6.675783
8.190040
8.422900
6.928968
8.616277
8.431924
7.163894
7.851182
5.739972
8.991648
8.261359
7.898466
8.418505
6.983092
8.912417
7.421913
7.366800
7.095402
7.413132
4.229540
6.896511
7.835370
7.334172
7.147330
7.325289
8.406814
7.919497
8.869481
8.850545
7.530401
7.753718
7.211456
6.977517
6.158726
6.838117
7.268879
5.753431
6.142303
5.635448
5.042919
6.008092
5.478839
6.917532
6.321578
5.369785
5.852170
5.241563
5.418969
5.372322
5.458566
5.123516
5.819409
6.056231
5.678218
5.321947
5.998193
6.081429
6.156412
5.853954
5.859883
6.356984
6.474586
6.037031
6.724697
5.164216
5.925367
5.284307
6.068892
5.490850
5.444536
5.148459
4.951462
6.426538
5.634096
6.353638
6.294864
5.360504
5.523849
6.621481
6.851202
6.082494
5.362178
6.527783
6.959045
6.769940
5.924164
6.058050
6.436126
6.281684
6.543248
5.408104
6.403253
6.101452
4.403029
6.143940
5.301905
5.218524
5.622951
4.604739
4.898216
4.517293
5.634228
3.988318
5.220686
6.032219
4.102444
4.732533
4.861275
4.306921
4.971771
3.377697
4.046359
4.385331
4.116116
5.115732
4.814480
5.083365
4.651369
6.004499
5.149837
4.376979
4.526466
4.071075
3.982958
4.551250
3.581482
4.594817
5.044461
5.653619
5.300496
6.128990
5.665851
4.908036
5.877671
5.575147
5.368625
5.027987
4.971968
5.407511
5.863786
5.350408
6.466242
5.712775
6.154510
5.296477
5.375103
5.887944
6.249444
3.769599
4.705866
5.842998
5.925115
5.943080
6.320899
5.996008
4.570559
5.100550
6.528925
7.245765
6.190990
6.474311
5.781216
7.020718
6.748115
6.515723
6.628462
6.109492
5.968575
5.870924
6.003815
5.841173
6.045610
6.406711
6.497103
6.073160
5.954373
6.851717
5.702502
6.156271
7.357543
7.116601
6.379144
6.517153
7.096194
7.124002
6.740202
5.986447
7.383004
7.063940
6.439176
6.763583
6.070351
6.704653
5.745692
6.811310
5.813836
6.091608
6.643629
6.540038
6.219197
5.400138
5.881367
4.038604
6.174432
6.088376
6.151292
5.830373
5.853819
6.183416
5.905523
5.882627
6.258309
6.346320
6.400223
6.236675
6.010260
6.367005
6.558292
6.787379
5.509622
6.432442
5.247324
6.849319
6.353744
6.542838
6.927060
6.493287
6.173111
7.667675
7.310888
6.776358
6.297457
6.248359
6.077948
6.075644
5.360067
6.230183
5.595200
6.187930
5.471033
5.146484
5.107010
5.680580
5.693604
6.287278
5.842275
5.548673
4.995711
5.810814
5.695868
6.148853
6.258121
5.921434
6.190764
6.435258
6.029932
6.172943
6.453617
6.493389
6.469891
5.352403
5.486679
6.079891
6.590894
5.581985
5.148850
5.313358
4.486315
3.833482
4.400209
5.184974
5.358321
4.930217
4.527392
3.938869
4.096559
5.256591
4.297258
4.264938
4.073134
3.982114
4.303122
4.701138
5.071125
4.886217
4.037707
3.562096
4.559234
4.257776
3.546419
4.536667
4.200657
3.444689
3.551764
5.248591
4.840618
3.762065
4.069084
4.749415
4.927505
4.866504
4.893712
5.551654
4.815761
3.997136
5.169125
5.363401
3.168134
3.981781
4.271839
3.726851
2.174955
2.375528
2.656835
3.301972
2.942868
2.555337
3.491857
3.532733
2.870723
5.408266
4.681687
4.464643
5.230174
5.791714
5.434666
4.606753
3.348769
4.237850
4.721534
5.128479
5.520271
3.192015
5.175818
4.022757
4.332597
5.087331
5.054737
5.120025
5.091203
4.726147
3.911597
5.553574
5.496130
5.296564
5.599234
5.432055
5.177130
3.542701
5.863663
5.713844
3.923258
4.913812
4.606912
4.450541
4.655550
3.987865
4.860671
4.664504
5.163679
5.123987
5.686707
4.989902
5.980347
5.218168
5.776864
6.120991
5.713024
6.293786
5.620792
5.848507
6.315125
6.098773
6.533670
7.081251
6.414423
6.409859
5.794113
5.807980
5.596726
5.616237
5.978105
5.627523
6.713153
6.833640
6.173814
6.585695
6.690627
6.827292
7.131970
7.729387
6.479103
7.422977
7.403701
7.446807
7.655414
7.793478
7.641927
7.519178
7.718441
7.541235
6.891095
7.754241
7.318546
7.291836
7.294785
6.633510
7.640251
6.761110
7.891848
7.468750
6.503945
7.291629
7.304635
7.797936
7.583901
8.530803
8.302537
7.263071
7.545971
7.594687
7.635488
7.403000
7.849646
8.045722
8.406529
7.674627
7.392972
7.235697
7.141557
7.558236
7.315262
7.906952
7.293909
6.633622
7.232077
6.861039
7.211170
6.592849
6.147757
6.031495
7.378918
8.539406
7.505167
7.170368
6.885662
7.457376
7.474201
7.400710
7.436957
6.955520
8.131497
7.165039
7.449483
7.185441
6.844396
6.586229
7.482681
6.988428
7.404175
7.175558
7.385790
6.854165
6.657197
7.805867
6.776301
7.235460
7.202602
7.908909
7.331359
6.840127
7.202979
6.976839
7.165980
7.326367
7.547081
7.025834
6.814066
6.974588
7.285879
7.053909
6.766204
7.199619
7.315786
7.363029
7.454451
7.549527
9.059319
7.239611
7.212468
10.040969
6.917960
7.933317
5.655601
8.407703
7.563842
7.611462
8.259877
6.227969
6.701083
7.290908
7.217475
6.953867
6.937952
7.363080
7.923370
7.092823
6.850924
7.537628
7.317300
6.834863
6.941472
6.995761
6.212290
7.301671
7.247623
6.667606
7.674098
6.961956
7.262301
6.673925
8.124866
8.799849
7.069786
7.001204
8.593975
6.485043
7.254683
6.411394
7.112808
7.454932
7.674845
7.047716
7.196373
7.641825
7.334074
7.444778
7.064193
8.037547
7.613307
8.104349
7.824718
7.938371
6.644957
7.138546
6.478099
5.759700
5.807012
5.739247
5.994364
5.807683
5.846957
5.795292
6.108294
6.515011
5.765310
5.802909
6.372101
6.710767
6.565492
6.396022
6.365386
5.649490
4.063719
4.451247
5.915978
5.564538
2.851708
5.368128
5.707150
5.686521
4.882366
4.795057
5.649225
3.451024
4.524592
4.491056
3.471396
6.099488
4.051548
5.591566
7.010546
5.442211
7.027941
5.997253
6.462228
6.212045
6.246799
4.856094
5.111428
6.125637
5.262155
6.529687
6.427812
5.816051
6.410724
6.539083
5.521815
5.619514
6.624600
5.986251
4.777129
6.754412
8.369064
7.644560
7.561687
5.832533
5.953972
2.718389
3.810029
5.506087
3.667510
4.428735
4.807794
4.633336
3.271247
2.690768
3.508671
4.172699
3.492033
4.057019
3.927029
3.169709
5.805107
5.746594
4.455934
3.394706
5.334569
3.772669
6.125674
6.268093
5.373441
6.140438
6.074078
4.760157
5.626307
6.077010
6.654568
6.557763
7.545327
5.522917
6.334412
5.585628
7.932078
7.557642
8.037616
8.915514
8.163733
7.010103
6.389071
7.093329
5.971660
5.635671
6.783183
5.537689
7.410819
6.905818
6.862609
6.822597
6.926244
6.017795
5.712615
6.006008
4.490072
5.699879
5.310245
3.465801
3.623924
3.041243
3.354545
4.965020
5.370364
5.380081
5.275778
3.508387
4.552628
5.006010
3.612373
3.318431
4.394508
3.924482
3.163356
3.378486
3.783185
3.951603
3.398658
3.469017
4.186514
3.377389
2.695989
4.611978
4.940524
4.186746
3.444495
4.463495
5.820570
4.190220
5.590532
4.959243
5.329989
5.195890
6.635880
5.848730
4.238237
5.140068
6.036811
6.523466
6.762770
7.114600
7.722560
7.148993
7.575970
7.223912
7.822039
7.899935
7.577842
7.550477
7.802969
7.611156
7.589783
7.547897
7.748194
8.065303
8.793305
9.128278
8.679597
9.743435
8.517973
9.605456
9.140177
8.702013
8.188146
7.805098
8.395211
7.273874
7.570694
8.454833
8.705739
8.542144
7.688056
7.273769
7.844404
7.380921
7.552537
8.318214
8.199258
7.594215
6.131972
8.660156
9.208975
9.441862
8.353762
7.062688
8.557287
7.503775
5.961469
8.480249
7.426844
7.896608
8.613016
5.908097
7.904111
8.499204
6.533341
6.575537
7.840177
7.492791
7.852036
8.134308
6.590001
8.445739
8.389204
8.330977
7.949594
5.491601
5.805745
6.965891
6.239243
4.340735
5.706774
5.611330
7.503098
5.672468
11.324409
5.842421
5.228911
6.261704
5.122223
5.887464
7.318933
6.239009
6.215601
9.992578
7.634699
6.838073
6.994453
7.516907
8.862333
6.747097
8.564641
7.522279
7.983260
6.239642
6.412758
6.894225
9.609829
6.077933
6.368043
5.225488
6.598065
6.093051
6.086223
5.944170
8.347651
9.511041
8.061432
6.988481
6.993167
6.549927
9.038038
7.166539
9.332266
6.923583
7.314362
6.691167
7.115367
6.823641
6.980366
9.667149
10.320486
9.733958
7.669382
8.434831
9.832641
6.794532
7.408040
10.935378
8.749510
8.568546
6.442370
7.745596
6.277378
7.387686
8.156984
8.710112
7.060560
9.497874
8.140128
8.006941
10.449070
8.006822
8.020901
5.668552
11.483291
8.102156
12.889344
11.751837
5.984770
12.165668
6.363192
8.263534
7.422983
5.654544
6.757661
7.168021
7.784217
12.877831
13.135983
5.996395
6.743027
9.388224
8.340774
7.618240
8.105653
9.293862
7.202927
6.135040
6.828810
5.656950
7.444896
8.311253
6.710088
5.659114
6.877029
7.128450
8.653852
7.393382
7.036106
9.525066
7.583038
6.106228
7.486497
7.034579
7.737674
7.135149
7.469535
9.522491
6.691845
13.278925
10.912265
7.031601
8.313512
7.402854
5.282864
5.231084
5.408455
7.060899
6.425637
5.586155
5.559130
5.116416
5.581561
5.077075
5.988728
5.721181
5.289036
5.057833
6.844666
6.606270
5.400686
9.196442
10.248735
10.643559
5.285032
5.026679
4.716019
4.831133
6.079210
8.431352
5.273922
6.770516
12.248147
9.181549
11.615117
11.900044
12.713117
4.582032
4.658525
7.465652
6.983116
7.351114
6.217457
7.635386
5.702847
5.072716
6.043803
6.838452
5.363141
6.810288
6.973397
7.250424
7.040802
7.556035
5.917275
6.761652
7.368761
8.041978
8.177919
6.688335
7.160194
9.945286
8.287634
7.638700
9.918224
7.845083
9.069930
8.755309
9.266054
8.527181
7.552254
6.552898
10.933867
9.875238
7.599477
8.254240
7.543266
4.218237
5.082204
4.041263
5.908237
7.750186
6.615885
6.094840
7.269857
7.370098
5.226448
6.023922
4.858211
5.727495
6.697396
6.575349
5.332576
6.214132
8.567591
6.645116
7.512360
5.657536
8.031838
8.826858
6.818625
6.549149
6.958315
4.718731
5.430418
7.962756
7.654456
7.754448
8.429992
5.840987
7.580952
6.502765
9.511499
7.913891
11.057559
12.165773
8.611418
8.182476
7.068202
10.254389
12.035810
10.316193
7.964601
7.948143
7.237577
13.049356
8.169859
10.931649
10.253285
10.117188
9.761843
7.624491
7.285819
11.244121
9.942846
9.724785
8.215402
8.679750
12.542675
10.616672
10.180898
7.347017
9.036760
9.167619
7.530501
11.196102
9.182099
8.611998
8.275864
7.787349
7.921382
7.159118
8.423819
5.491995
7.246942
7.945440
7.638883
7.057463
5.903043
6.993936
6.890697
6.060593
7.345387
7.347644
7.715385
7.234360
6.986955
6.945876
7.591444
6.727090
6.431525
7.688838
6.530585
7.929379
6.745486
7.414631
8.003881
7.087286
7.535154
7.697087
6.417079
6.444541
7.148463
7.101087
7.664715
7.137539
6.765676
6.931238
6.540996
5.192766
5.395785
6.893530
6.609489
5.949713
6.320088
6.086807
6.810950
5.210865
5.353379
5.362544
6.003009
6.792757
6.898450
5.275906
4.986772
6.527078
7.256759
7.649720
7.368323
6.857376
7.105881
6.872113
7.233199
7.936633
7.484828
6.774514
7.840566
7.663777
7.873888
7.395274
7.919144
7.937974
7.188469
6.893335
7.471552
7.696319
7.336220
6.722449
6.764664
7.365936
6.933695
6.555952
6.192994
7.664091
7.978633
7.861783
8.385241
7.791730
7.728239
7.903452
7.387026
6.744372
7.638860
7.508767
6.908121
7.682979
7.785781
8.001431
7.526423
8.635265
7.692432
8.275161
7.898322
7.853146
7.643607
7.693300
7.112996
8.214676
8.169445
7.397922
7.948557
7.631246
7.712444
8.160786
7.893203
8.522001
7.500836
7.735315
7.715178
7.533252
7.634560
7.790054
8.375793
9.151953
8.052512
7.538000
6.940079
7.337770
8.327587
8.124675
7.576271
8.136776
7.194611
7.802438
8.050918
6.977452
7.528964
9.466712
7.305067
7.916254
7.260164
7.125426
5.938743
7.535141
8.094083
7.287389
6.822883
7.148871
7.007672
7.003654
7.410947
7.938849
8.415276
8.355893
8.021402
7.482296
5.859984
7.581574
11.219709
7.352328
8.140865
7.451160
8.224427
8.127419
6.688271
6.976436
8.884865
9.142255
7.235969
6.404181
9.206347
6.587218
8.175332
8.701240
9.543919
6.502385
7.161474
9.287028
7.576066
7.480124
6.179643
9.518090
8.421946
9.526795
12.154482
8.047296
7.802384
10.111247
6.704479
9.844392
6.617454
8.499062
8.108845
6.880775
7.163078
6.528128
6.892069
8.505210
6.400730
8.114866
5.766132
6.911082
7.395636
6.727657
6.122447
6.466143
6.707864
6.640236
7.471612
6.428354
6.405490
6.759547
6.739018
6.294498
5.942063
6.294170
5.653120
6.772307
6.249864
6.795434
7.221394
5.443582
6.810931
5.477200
6.573050
5.965808
5.549419
6.336792
5.840982
6.145908
6.087690
6.615811
6.046194
6.512469
6.711841
6.301233
5.629823
7.209552
6.557481
6.223870
6.641863
6.721490
7.135900
7.215137
7.932380
6.867721
6.625107
6.262775
7.245397
6.455230
7.606422
7.801231
7.505091
6.390011
7.918969
7.422497
8.421705
7.203912
8.457725
8.482780
7.693296
8.292311
6.306375
6.700939
7.049566
8.004769
7.110466
8.124695
7.191401
7.832770
7.557866
6.588144
7.416551
5.644742
7.670519
6.689342
